0 0 0
0.00390625 0.00390625 0.00390625
0.5 0.5 0.5
-0.496094 -0.496094 -0.496094
0 0 0
0 0 0
0.5 -0.25 -0.25
-0.25 -0.25 -0.25
0.5 0.5 -0.375
-0.375 -0.375 -0.375
-0.4375 0.5 -0.4375
-0.4375 -0.4375 -0.4375
-0.46875 -0.46875 0.5
-0.46875 -0.46875 -0.46875
0.5 -0.484375 0.5
-0.484375 -0.484375 -0.484375
0.5 0.5 0.5
-0.492188 -0.492188 -0.492188
-0.496094 0.5 0.5
-0.496094 -0.496094 -0.496094
0 0.25 0.25
0.000976562 -0.248047 -0.248047
0.125 0 0
0.125 0 0
0 -0.125 -0.125
0.0625 -0.125 -0.125
0 0.25 -0.1875
0.03125 -0.1875 -0.1875
0.015625 0.25 -0.21875
0.015625 -0.21875 -0.21875
0.0078125 -0.234375 0.25
0.0078125 -0.234375 -0.234375
0 -0.242188 0.25
0.00390625 -0.242188 -0.242188
0 0.25 0.25
0.00195312 -0.246094 -0.246094
0.000976562 0.25 0.25
0.000976562 -0.248047 -0.248047
0 0 0.125
0.000488281 0.000488281 -0.124023
0.0625 0.0625 0
0.0625 0.0625 0
0 0.03125 -0.0625
0.03125 0.03125 -0.0625
0 0 -0.09375
0.015625 0.015625 -0.09375
0.0078125 0 -0.109375
0.0078125 0.0078125 -0.109375
0.00390625 0.00390625 0.125
0.00390625 0.00390625 -0.117188
0 0.00195312 0.125
0.00195312 0.00195312 -0.121094
0 0 0.125
0.000976562 0.000976562 -0.123047
0.000488281 0 0.125
0.000488281 0.000488281 -0.124023
0.0625 0 0.0625
-0.0620117 0.000244141 -0.0620117
0 0.03125 0
0 0.03125 0
0.0625 0.015625 -0.03125
-0.03125 0.015625 -0.03125
0.0625 0 -0.046875
-0.046875 0.0078125 -0.046875
-0.0546875 0 -0.0546875
-0.0546875 0.00390625 -0.0546875
-0.0585938 0.00195312 0.0625
-0.0585938 0.00195312 -0.0585938
0.0625 0.000976562 0.0625
-0.0605469 0.000976562 -0.0605469
0.0625 0 0.0625
-0.0615234 0.000488281 -0.0615234
-0.0620117 0 0.0625
-0.0620117 0.000244141 -0.0620117
0.03125 0.03125 0
-0.0310059 -0.0310059 0.00012207
0 0 0.015625
0 0 0.015625
0.03125 -0.015625 0.0078125
-0.015625 -0.015625 0.0078125
0.03125 0.03125 0.00390625
-0.0234375 -0.0234375 0.00390625
-0.0273438 0.03125 0.00195312
-0.0273438 -0.0273438 0.00195312
-0.0292969 -0.0292969 0
-0.0292969 -0.0292969 0.000976562
0.03125 -0.0302734 0
-0.0302734 -0.0302734 0.000488281
0.03125 0.03125 0
-0.0307617 -0.0307617 0.000244141
-0.0310059 0.03125 0
-0.0310059 -0.0310059 0.00012207
0 0.015625 0
6.10352e-05 -0.0155029 6.10352e-05
0.0078125 0 0.0078125
0.0078125 0 0.0078125
0 -0.0078125 0.00390625
0.00390625 -0.0078125 0.00390625
0 0.015625 0.00195312
0.00195312 -0.0117188 0.00195312
0.000976562 0.015625 0.000976562
0.000976562 -0.0136719 0.000976562
0.000488281 -0.0146484 0
0.000488281 -0.0146484 0.000488281
0 -0.0151367 0
0.000244141 -0.0151367 0.000244141
0 0.015625 0
0.00012207 -0.0153809 0.00012207
6.10352e-05 0.015625 0
6.10352e-05 -0.0155029 6.10352e-05
0 0 0
3.05176e-05 3.05176e-05 3.05176e-05
0.00390625 0.00390625 0.00390625
0.00390625 0.00390625 0.00390625
0 0.00195312 0.00195312
0.00195312 0.00195312 0.00195312
0 0 0.000976562
0.000976562 0.000976562 0.000976562
0.000488281 0 0.000488281
0.000488281 0.000488281 0.000488281
0.000244141 0.000244141 0
0.000244141 0.000244141 0.000244141
0 0.00012207 0
0.00012207 0.00012207 0.00012207
0 0 0
6.10352e-05 6.10352e-05 6.10352e-05
3.05176e-05 0 0
3.05176e-05 3.05176e-05 3.05176e-05
0.00390625 0 0
-0.00387573 1.52588e-05 1.52588e-05
0 0.00195312 0.00195312
0 0.00195312 0.00195312
0.00390625 0.000976562 0.000976562
-0.00195312 0.000976562 0.000976562
0.00390625 0 0.000488281
-0.00292969 0.000488281 0.000488281
-0.00341797 0 0.000244141
-0.00341797 0.000244141 0.000244141
-0.00366211 0.00012207 0
-0.00366211 0.00012207 0.00012207
0.00390625 6.10352e-05 0
-0.00378418 6.10352e-05 6.10352e-05
0.00390625 0 0
-0.00384521 3.05176e-05 3.05176e-05
-0.00387573 0 0
-0.00387573 1.52588e-05 1.52588e-05
